,controversiality,parent_id,body,subreddit,id,score,subreddit_id
1024163,0,t1_chkl7g0,Yeah but you have Cython and PyPy to contend with.,nimrod,chkpci4,3,t5_2t2o8
