,controversiality,parent_id,body,subreddit,id,score,subreddit_id
463086,0,t3_1ze852,it sounds like you have more problems than just wanting to screw your brother.  being  sucks i know but you cant beat yourself up because youre lonely. you have plenty of time to go out and find someone who likes you for who you are. or maybe stop looking! theyll come around when you least expect it. life isnt all about finding someone to have sex with. maybe its just hormones try jerking off and see if that helps.and if youre worried about messing up the relationship with your brother dont do anything you think will destroy it. ,gayincest,cfswjxi,3,t5_2u1yn
570279,0,t1_cg4xe3x,Im age ,gayincest,cg53gfj,1,t5_2u1yn
1160043,0,t1_ci02x6j,Thanks. was interesting to get your perspective ,gayincest,ci04foe,4,t5_2u1yn
2556855,0,t1_cmrnyqp,When was this? Id like to hear this story. Are you still going at it? ,gayincest,cmsbh8t,9,t5_2u1yn
2893481,0,t1_cnwzovg,Thats the thing Id let him Fuck my brains out. But I dont know if he would still feel that way or if hed even be up for it. How should I bring it up?,gayincest,cnwzqxi,4,t5_2u1yn
2919942,0,t3_2tkhvr,rgayyoungold might have some advice for you.,gayincest,co008ld,2,t5_2u1yn
3891359,0,t1_cqzrgiq,I think I speak for everyone here when I say PLEASE KEEP YOUR PROMISE TO KEEP US POSTED.  I mean even if you chicken out and nothing happens. We all honestly want to know what happens.,gayincest,cqzukmv,1,t5_2u1yn
3938124,0,t3_35i967,Reading your story made me hard at work wishing I could stir your cum with it.. Or your dads or both !Thanks for sharing,gayincest,cr56i5j,4,t5_2u1yn
4291304,0,t3_3a2bts,I remember as a teen I found dirty pics of my parents nude and I remember a pic of my dad stroking his cock and a pic close up of his cock. I used to jerk off to them and cum in his underwear that I would steal from the washing basket. Smelt so good.  ,gayincest,cs9cnwd,3,t5_2u1yn
4303851,0,t1_csaqm2r,deleted,gayincest,csaroy9,1,t5_2u1yn
4614903,0,t3_3e6323,Thanks for the love guys. Gonna start the second part right now.,gayincest,ctcads8,3,t5_2u1yn
4620228,0,t3_3e9csw,Damn incredibly sexy sounding dad who seems down to play and watches x files? You are lucky! And I am jealous. ,gayincest,ctcyfsk,1,t5_2u1yn
4654032,0,t1_cth2bnt,I recently came out as bi but I am gay I have very little experience and no we did not bang after lolHe is a thick ,gayincest,cth7828,3,t5_2u1yn
4771686,0,t1_ctvzv0n,Yay i have a fellow wishful thinkeri do hope there is some kinda site with dads and sons and whatever all  obviously.real content seems to be very limited ,gayincest,ctw0i7x,3,t5_2u1yn
4801287,0,t1_ctzpy5x,PM me maybe were close lol.,gayincest,ctzqpzb,4,t5_2u1yn
4867306,0,t1_cu81n1l,I can pm you the details of how he started with me. We dont do anything kinky unless you count him pushing my face into the pillow kinky. As for frequency my wife and i take the kids to see my parents in sacramento every other weekend and my parents stay with us for about  days a month. My wife travels and so those are the days my parents come stay with us to help with the boys. Since my wife isnt home my dad fucks me when they are here but it is at  most two nights during their day visit here in SF. Just this summer he started fucking me for a few minutes between my legs or in my sphincter without actually ever ejaculating. Im not sure what that is about. But i say that only to note that he doesnt always seed me sometimes its just classic humping.  He is on cialis ive seen his bottle so its pretty easy for him to get hard. When i visit in sacramento my wife and i sleep in seperate rooms so he visits me pretty much every saturday night unless im out all night playing poker or spending the night at my cousins house marathoning GoT or WD which has happened a few times. So i guess these days he fucks or humps me less than once a week but more than once a month. There were times in my life where it was nightly and other times where there was nothing for months when i was in law school living away from home and barely coming home because being a L and L is pretty insanely busy.  As for my enjoyment its complicated. I admit that i do get erections ocassionaly   in  times when he is fucking me and sometimes even before when we are just talking. It is something he seems to appreciate if it happens. And i have used his cum to jerk off after he leaves but that was rare and i was younger when that happened. I blame the erections on the fact that i take cialis once in awhile too and end up getting an erection just watching some vevo videos or reading stuff about cars on reddit. But i have to be honest maybe im moaning and he is muzzling me because a big part of me likes the feeling of it. In which case i consider that gay and will have to address it. But i defenitely feel like a dutiful son taking care of my father. Its like a son who massages his dad. I just use my ass and thights to so the massaging. Will PM you the rest.,gayincest,cu827hd,5,t5_2u1yn
4871419,0,t3_3hcg3b,I would love to hear details pm me if you feel like it.I have a crush on my uncle would love to learn from your story on how to proceed with my situation P,gayincest,cu8kvqh,2,t5_2u1yn
5540744,0,t1_cwjtqn9,I would go slow like my dad did with me i want him to want it not take it buy force,gayincest,cwjvn2p,1,t5_2u1yn
6074955,0,t1_cyfwgvq,I think if he had been more awake I could of got more in kind of had to go for a weird angle bc of how he was on the couch. Felt so fucking hot with his fingers going in I cant stop thinking about it.,gayincest,cyfwv7v,2,t5_2u1yn
6100750,0,t1_cyj2xkf,No. I have never been attracted to another man. And I wasnt necessarily attracted to my brother. I wasnt disgusted by him obviously. I was attracted to certain features  he has a nice meaty ass. But I never considered him beautiful or pretty. And we rarely kissed. ,gayincest,cyj3d9n,6,t5_2u1yn
6601939,0,t3_45y6ta,How old are you? How old is your dad? Does he know youre into guys?,gayincest,d027103,1,t5_2u1yn
6620685,0,t1_d02kcvy,Yes I have been.,gayincest,d044wle,1,t5_2u1yn
6686754,0,t1_d0ay9a2,Its a fucking crime. Damn.,gayincest,d0ayvwe,4,t5_2u1yn
6788808,0,t1_d06iv7b,Thats my plan for now I think. Thanks!,gayincest,d0lsslh,1,t5_2u1yn
6860919,0,t1_d0tzo8i,deleted,gayincest,d0tztae,2,t5_2u1yn
7373821,0,t1_d2f44zs,Actually yes I did.  ,gayincest,d2gcotn,0,t5_2u1yn
7940216,0,t1_d48jsle,This is what I thought too. That he might just be saying this so that hed get to play with me. However he brought up him playing with his son way before we even discussed the idea of possibly meeting. He also had a picture so Im more inclined to believe him at this point.,gayincest,d48jz33,9,t5_2u1yn
8235949,0,t1_d5711m2,Im  dad is . We are both bearish guys. Dad is a strict top. Closest ive come to his hole is with my tongue and only because he told me to.  First time together was amazing. Oral only at first. Choked on how much cum he pumped into my mouth! Jaw hurt cause he is super thick but now I am really good at throating him without discomfort. ,gayincest,d571rvl,16,t5_2u1yn
8486351,0,t3_4vuwrd,This is a get naked around him when you can. If he dosnt want it hell leave you alone if he wants it hell make sure you know I think .  Youll get a better idea of what he wants ,gayincest,d62c90v,1,t5_2u1yn
8487435,0,t3_4vv98g,That WAS major.  You know this is only the beginning.  Take your time and enjoy.,gayincest,d62h5a5,3,t5_2u1yn
8568417,0,t1_d6cgho1,Or you could have done it right there.  The risk of getting caught adds to the excitement.,gayincest,d6cms95,8,t5_2u1yn
8645835,0,t1_d6m4eg1,,gayincest,d6mc9x3,3,t5_2u1yn
8660430,0,t1_d6o55u1,Ikr?! xD,gayincest,d6o65ah,2,t5_2u1yn
8678354,0,t1_d6p7yf2,When I plunged down on his cock the pain was immense but simultaneously incredible. He let out a heavy grunt when I did that and my dick harder than I could ever remember. It was definitely the taboo that did it but I wasnt questioning it. I straddled him vigorously clasping onto his sweaty hairy chest and then he grabbed my waist and tossed me on the bed legs spread facing him. He plunged into me once more  grunting louder as he thrusted. I could feel his stubble against my cheek scratching at my face. I grabbed onto his head and locked lips. His tongue was strong and thick and it worked its way through my mouth. I let out a squealish grunt myself and thats when I felt him seize up and gasp loudly. He was cumming. His thrusts were harder faster and more pleasureful than Id ever known. He held me tightly as this was happening slowed down and then stopped. He was still inside of me I could feel his dick pulsating within me. Slowly it softened from within me and slid out on its own. My uncle had his forehead on my chest at this point. When he rolled over I noticed that he had cum all over his chest trapped within the hairsmy cum. At the time I hadnt realized that I too was cumming but on him. I ran my fingers through it licked them and turned to him and kissed him. We lay there for what seemed like hours but in reality was only a few moments. It was then that he got up shook his head and muttered What the fuck did I just do?,gayincest,d6qf21s,3,t5_2u1yn
8691433,0,t3_4yeja4,Few days late but can I get the pictures too please. ,gayincest,d6s2373,1,t5_2u1yn
8753130,0,t3_4zwv39,Have you had any indication that your dad is into you? If not you probably shouldnt do anything. Him hooking up with guys your age doesnt automatically mean hes into you.Just like people hooking up with older women doesnt mean they want to fuck their mothersgrandmothers.,gayincest,d6zsrc6,6,t5_2u1yn
8818565,0,t3_50w9bw,I think you should just let things happen naturally.  Hes more than likely bicurious you found this in his porn stash and his horniness will probably lead him to making a move with you.  Just look for hints.,gayincest,d77vdkx,2,t5_2u1yn
8907712,0,t1_d7idr4j,I wrote a reply but it didnt post. ,gayincest,d7ikt2j,-6,t5_2u1yn
9369020,0,t3_582ime,Nothing wrong at all with two consenting people having a relationship. Sounds like you two have a wonderful thing going enjoy the heck out of it and damn what any one else thinks,gayincest,d93l9ab,1,t5_2u1yn
9459251,0,t3_59wdph,very hot,gayincest,d9f0zo0,1,t5_2u1yn
9510532,0,t1_d9lcura,I dont care its still hot and to be honest my adolescent sexual history with other boys did often take the form of a game that slowly became more and more erotic.  At least this was my experience.,gayincest,d9ldidb,11,t5_2u1yn
9520055,0,t1_d9mjh3g,I was imagining a scenario where your dad and his friends somehow opened your door saw you naked with your butt propped up and then they said with a grin Whoa what do we have here!?,gayincest,d9mjsc8,5,t5_2u1yn
9588875,0,t1_d9uwyfh,trust me I think about doing that all the time.,gayincest,d9v0wbo,1,t5_2u1yn
9779346,0,t3_5f2dqq,Wow! I was hard instantly when I read ex navy and uniform. Very hot indeed!,gayincest,daiipq3,3,t5_2u1yn
9964759,0,t3_5f80hf,So what happened next? Post more please.,gayincest,db6fn1n,1,t5_2u1yn
10075901,0,t1_dbkv44u,Im getting tired of these cunty ass comments that do nothing to add to the discussion.,gayincest,dbkwtdd,7,t5_2u1yn
10221309,0,t3_5mac0d,Really hot! please share more ,gayincest,dc2n52x,1,t5_2u1yn
10836150,0,t3_5uolsp,deleted,gayincest,ddxo7pb,1,t5_2u1yn
10873305,0,t1_de1gmte,Hah! Had to Google that. Shes a fundie. Thinks Catholics are a cult. I dont think shed go for the whole holy water schtick.,gayincest,de1i5mw,3,t5_2u1yn
10953850,0,t3_5wet4n,Can you describe what he looks like?,gayincest,de9t8e7,1,t5_2u1yn
10964142,0,t3_5whzhj,Younger brother cuz hot.His dick and ass are perf tbqh,gayincest,deavh5g,14,t5_2u1yn
11114020,0,t3_5y78j0,Whats your obsession with this? Youre always posting or commenting about this. Why dont you just ignore the posts about adoptive step in law relationships,gayincest,derrjla,1,t5_2u1yn
11348311,0,t1_dfhm2fj,Thank you.  This makes a lot of sense. ,gayincest,dfib6l4,3,t5_2u1yn
11693721,0,t3_66sy44,deleted,gayincest,dgli2db,2,t5_2u1yn
11697271,0,t1_dglvox9,Definitely want to hear this story. ,gayincest,dglwk6i,6,t5_2u1yn
11740959,0,t3_67evo7,removed,gayincest,dgqv8rr,1,t5_2u1yn
