,controversiality,parent_id,body,subreddit,id,score,subreddit_id
7109319,0,t1_d1m6pgd,Its cool guys well delete this post once this sub reaches  subs D,cuteguyhair,d1m7yqk,1,t5_3dipe
