,controversiality,parent_id,body,subreddit,id,score,subreddit_id
7108307,0,t3_4cx159,I miss the simple times.,sandwichsub,d1m3qkk,2,t5_3dhr8
