,controversiality,parent_id,body,subreddit,id,score,subreddit_id
7899362,0,t3_4klm2r,I love the detail ,thighhighhentai,d43yne5,1,t5_2yb2z
