,controversiality,parent_id,body,subreddit,id,score,subreddit_id
6210400,0,t3_40kt28,The video is so blurrypotato quality ... Sexy girlfriend implies you can see her.,Femaleorgasmdenial,cyvk0cr,2,t5_2z1te
9907394,0,t1_daytbfh,You are welcome to try it out and post results,Femaleorgasmdenial,dayygnd,1,t5_2z1te
10124303,0,t3_5kwxnu,Rborednignored,Femaleorgasmdenial,dbr7bla,4,t5_2z1te
10341527,0,t3_5nyr6n,I love the wtf do i do? hand flap at ,Femaleorgasmdenial,dcg9ron,16,t5_2z1te
11664589,0,t1_dghw3bf,Oh fuck I loved it!   Thank you...,Femaleorgasmdenial,dgi72lo,3,t5_2z1te
