,controversiality,parent_id,body,subreddit,id,score,subreddit_id
7118740,0,t3_4d33d8,thats the golden trinity pretty much. ,talkingpenisland,d1nbb1r,1,t5_3dw7w
