,controversiality,parent_id,body,subreddit,id,score,subreddit_id
6399981,0,t3_435dv3,happy cake day to wehappy cake day to wehappy cake day to weehappy cake day to werMOQcommentsegfnboth,MetaphysicsofQuality,czh4237,1,t5_2weqj
