,controversiality,parent_id,body,subreddit,id,score,subreddit_id
6884712,0,t1_d0wox5l,Sim Running the two simultaneously so its a sim sim lolPatrol Chanced IB Longship patrold Dromond patrolurollme ,WhoKnowsNot,d0wp5uf,1,t5_36364
6903715,0,t1_d0yukns,Multiple Raid IB Longship amp Dromond Hit Moving on to Resistance since this is checking the increases and the patrol battle doesnt really matter as muchd Resistance ampd Resistance amp,WhoKnowsNot,d0yussp,1,t5_36364
7236491,0,t1_d20qif3,d Resistance Hey there! Im a bot that can roll dice if you mention me in your comments. Check out rrollme for more info.,WhoKnowsNot,d20qj45,1,t5_36364
7302952,0,t1_d28al9e,d Resistance,WhoKnowsNot,d28aol6,1,t5_36364
7684017,0,t1_d3fmhcb,d Winterfell d White Harbor d Ramsgate d Dreadfort d Barrowton d Last Hearth d Torrhens Square d Castle Cerwyn d Greywater Watch d Flints Finger d Gates of the Moon d Runestone d Coldwater Burn d Grey Glen d Hearts Home d Ironoaks d Old Anchor d Strongsong d Newkeep d Wickenden d The Twins d Harrenhal d Briarwhite d Willow Wood d Lord Harroways Town d Riverrun d Raventree Hall d Castle Lychester d Fairmarket d Pinkmaiden d Sherrer d Saltpans d Atranta d Pyke d Carved Keep d Volmark d Casterly Rock d Cornfield d Faircastle d Pitfall d Kings Landing d Dragonstone d Claw Isle d Duskendale d Wendwater Town d Highgarden d Oldtown d Uplands d Honeyholt d Goldengrove d Ashford d Cider Hall d Bitterbridge d Longtable d Grassfield Keep d Storms End d Stonehelm d Greenstone d Parchments d Sunspear d Yronwood d Wyl d Godsgrace d Starfall d Blackmont d High Hermitage d Vaith Hey there! Im a bot that can roll dice if you mention me in your comments. Check out rrollme for more info.,WhoKnowsNot,d3fmj1l,1,t5_36364
8162222,0,t1_d4xtp92,d characteristic roll d gender roll Hey there! Im a bot that can roll dice if you mention me in your comments. Check out rrollme for more info.,WhoKnowsNot,d4xtqeo,1,t5_36364
8298191,0,t1_d5etwth,Smallfolk see nothing. Wendwater gets word of the raid sending out  or  soldiers as a NPC. The remaining  Toyne soldiers easily take the keep. I can do the rolls but wendwaters DV isnt close to high enough for  vs   DV.,WhoKnowsNot,d5etykf,1,t5_36364
11632884,0,t1_dgeljeh,d additional,WhoKnowsNot,dgellvl,1,t5_36364
