,controversiality,parent_id,body,subreddit,id,score,subreddit_id
4246281,1,t1_cs48t0w,Are you passionate enough about fat people to let it get to that point. Actions start with an idea and the hive mind of reddit has decided fatbad. Secondly this isnt America this is the internet where websites can be managed as the powers that be see fit regardless of your nationality or whether the company that runs the site is privately owned or public. ,wreatrsytudjy,cs49m0u,1,t5_38hwt
