,controversiality,parent_id,body,subreddit,id,score,subreddit_id
1500271,0,t1_cj4bhh5,deleted,FalseFlagWatch,cj4bzr5,0,t5_2te0v
3662673,0,t1_cq9r28h,Because the war on terror is a fraud.,FalseFlagWatch,cq9rpy8,9,t5_2te0v
10710657,0,t3_5t7ri3,Cuck Cuck,FalseFlagWatch,ddkq2gr,1,t5_2te0v
