,controversiality,parent_id,body,subreddit,id,score,subreddit_id
10711032,0,t3_59h1er,Would Smash,JaidenWest,ddkrgmh,1,t5_3br5p
