,controversiality,parent_id,body,subreddit,id,score,subreddit_id
7108304,0,t3_4cx8hn,I wouldnt mind more people being added if they are good people. ,KrispyKoup,d1m3q4g,6,t5_3dibb
