,controversiality,parent_id,body,subreddit,id,score,subreddit_id
352078,0,t3_1y3tla,deleted,collared,cfh9du8,1,t5_2sw61
452032,0,t3_1z8w25,Awesome! You look good in it.,collared,cfrn7sp,2,t5_2sw61
674463,0,t3_20ztam,Sauce?,collared,cggxqde,1,t5_2sw61
943180,0,t3_24vda7,Im in love.,collared,chbhv95,1,t5_2sw61
967577,0,t3_2566he,deleted,collared,che9uk5,3,t5_2sw61
1020048,0,t3_25s91h,uhh kinky girl  looks like you are exposed to us? ,collared,chk8ixu,1,t5_2sw61
1404578,0,t3_2a7bf5,The fine line is drawn with the trust they have in their partners.,collared,cisce6v,1,t5_2sw61
2242964,0,t1_clov1cc,Seriously!,collared,cloxmgk,1,t5_2sw61
2626667,0,t3_2pymrp,Source?,collared,cn1fwle,5,t5_2sw61
2820291,0,t1_cnokchv,I figured she was a chauffeur with the gloves ,collared,cnons0m,1,t5_2sw61
2888545,0,t3_2t6fa9,deleted,collared,cnwfins,0,t5_2sw61
3041923,0,t3_2uy5x9,The keys should belong to someone else. ,collared,codalwo,1,t5_2sw61
3397335,0,t1_cpfibi0,Thanks!,collared,cpfith1,1,t5_2sw61
3964025,0,t3_2zvzj9,Source,collared,cr84rp4,1,t5_2sw61
3984791,0,t1_cr9uim9,i Thought the same thing,collared,crai2mh,1,t5_2sw61
4141467,0,t3_384kfw,holy airbrush batman!,collared,crscfcg,0,t5_2sw61
4473647,0,t1_csukk91,Thanks,collared,csukpvw,1,t5_2sw61
4566656,0,t3_3dk376,Elegant,collared,ct68oiw,2,t5_2sw61
4941171,0,t3_3ij8av,That is a beautiful picture.  I would cut nipple holes in the shirt and clamp them also but truly a beautiful image.,collared,cuhdgsm,5,t5_2sw61
5171483,0,t1_cv8yo1z,Shes a cam girl named Dawn Willow. I couldnt find a link but I did find some more gifs from the same video.,collared,cv9cr5u,1,t5_2sw61
5454925,0,t3_3prkcv,Bella Rossi ,collared,cw8x2pv,1,t5_2sw61
5472293,0,t1_cwb4boy,Exactly.  Hair is fine.  But a lack of any form of grooming implies hygiene issues ,collared,cwb4xx3,2,t5_2sw61
5622505,0,t1_cwu0enr,deleted,collared,cwu0x6f,1,t5_2sw61
5852737,0,t3_3vazlk,I know probably get asked alot. But do you have Facebook page or website?,collared,cxmtlo1,2,t5_2sw61
6081830,0,t3_3vazlk,OMG I need this!! Its so beautiful awesome work ,collared,cygt5ya,1,t5_2sw61
6178297,0,t3_3t8l35,amazing love this girl,collared,cyrwpbn,1,t5_2sw61
6363527,0,t1_czcy792,Ill send u a DM,collared,czcynxr,2,t5_2sw61
6662967,0,t1_d08ezev,Source please..?,collared,d08iatr,1,t5_2sw61
6937477,0,t3_4aq43r,Master I will go anywhere and do anything as long as anywhere has heat!,collared,d12ovje,4,t5_2sw61
7122850,0,t1_d1ns57z,Having looked at Sybil her tits dont match whoever this is but maybe Im crazy.,collared,d1ns919,2,t5_2sw61
7199049,0,t1_d1we9w1,You just love to tease dont you?,collared,d1wh2d4,1,t5_2sw61
7277670,0,t3_4f2bjg,I love the Lucky You tattoo.,collared,d25f7zd,5,t5_2sw61
7672695,0,t3_4kdpcs,Source?,collared,d3ec9qk,8,t5_2sw61
7724791,0,t1_d3k9234,Thanks ,collared,d3k96r6,3,t5_2sw61
8036410,0,t3_4pams1,You are being spoiled with your collar collection! Gorgeous!,collared,d4jd8x2,3,t5_2sw61
8799478,0,t1_d753ccj,When is bdsm ever safe for work,collared,d75ksma,6,t5_2sw61
8858954,0,t1_d7cntoz,I always thought she looked a bit like Megan Boone actually.,collared,d7cpyw4,3,t5_2sw61
9646097,0,t1_da22wjz,Yeah thats it.,collared,da22xc5,3,t5_2sw61
9746434,0,t3_5ephpx,Source for research please!,collared,daegl37,6,t5_2sw61
10723229,0,t3_5tcyza,You look like Anne Hathaway ,collared,ddm0sbv,68,t5_2sw61
10724722,0,t3_5tcyza,You look amazing i would love to tug you around by that collar and play with you ,collared,ddm6bmu,10,t5_2sw61
11171441,0,t3_5zghg8,Shes so dam hot,collared,dey9rbi,3,t5_2sw61
