,controversiality,parent_id,body,subreddit,id,score,subreddit_id
1366995,0,t1_cinmrpt,Ya me too. Thanks for the Birthday shot out!!Hey how do you get self.vangaurd Not sure if mine says that or what...?,vanguard666,cinn457,1,t5_31v3u
1965437,0,t1_ckq15pv,I will probably overhaul this and make it more streamline for reading but I did this in about  mins... with T cracking a whip and cackling....  ,vanguard666,ckq1bre,3,t5_31v3u
2131057,0,t1_claols5,we sure are,vanguard666,clapd48,1,t5_31v3u
2242009,0,t1_clot7gk,everything I needed to know was taught to me by Him... about dealing with special ed people...,vanguard666,clot9qd,1,t5_31v3u
