,controversiality,parent_id,body,subreddit,id,score,subreddit_id
4166271,0,t3_38fx9z,Before you toss random accusations and warn people around may I just get you to look into our entire userbase and ask how many of them would actually back what youre saying. We wouldnt have participation and users if we were actually trying to set up a scam as you were saying yet another concocted theory.Im glad you brought this up to us we are looking into this issue but may I just warn you that were not the only LEGITIMATE and RECOGNISED site that have such issues which is why everybody is always aware of who theyre trading to so that they do not get scammed. That being said there are a few possibilities that are NOT the responsibility of our site but could be prevented and were investigating into them. I will personally PM you not the method but the fix and a proper explanation once Ive done my investigation instead of leaking any exploit or information that could assist these malicious users.,SkinArena,crv5w0a,1,t5_37la4
6813237,0,t1_d0o25ll,havent gotten my things back either and they dont appear in skinarena inventory ,SkinArena,d0okt1e,1,t5_37la4
7203108,0,t3_4e49c2,Ticket has been resolved. They did a good job fixing,SkinArena,d1wxpcy,1,t5_37la4
