,controversiality,parent_id,body,subreddit,id,score,subreddit_id
1992204,0,t1_ckt6a0b,I like this idea.  I plan to hit below ten then confer with huss about hitting top ten.  As it stands Tim and Jimmy are properly equipped to hit .  Preferably  to be conservative.  However the bottom two ths are rushed.,CoC_SiCology,ckt9eir,1,t5_33mbw
