,controversiality,parent_id,body,subreddit,id,score,subreddit_id
5352096,0,t3_3obx5b,Thank you for acepting me,Goose,cvvsgxw,1,t5_2tzsw
