,controversiality,parent_id,body,subreddit,id,score,subreddit_id
10498491,0,t1_dcy2pdc,she knows exactly what shes doing. the very slight and occasional nudity is what keeps us thirsting for more. if she gave it all up at once wed all stop caring.,lynaritaa,dcy44tl,3,t5_3hoge
10501471,0,t3_5qdhe0,But how do we do it?,lynaritaa,dcygb62,3,t5_3hoge
10549015,0,t3_5q6diy,Hey cant anyone one of us sign up. For this and maybe download pics and post it here? ,lynaritaa,dd3uknm,1,t5_3hoge
10926550,0,t1_de6zrrs,Damn it...,lynaritaa,de6zwp8,1,t5_3hoge
11241634,0,t1_de2b1gn,Pm pls,lynaritaa,df6811x,1,t5_3hoge
