,controversiality,parent_id,body,subreddit,id,score,subreddit_id
2190962,0,t3_2k1scs,Hello Petaluma I need some of what you have. I cant seem to get any magical rainbow cats when I am toking. Is this a new strain? Perhaps reddit based?PS How did you get it to show up on camera like that? That is some super dank herb!     ,santarosatrees,clibpcf,3,t5_2swgu
