,controversiality,parent_id,body,subreddit,id,score,subreddit_id
4665648,0,t3_3euioj,Haha I only have  friends that are available to send invites to can someone make a list of kakao friends we can add ig doesnt work well for getting kakao friends,High5game,ctinrgs,1,t5_39ahp
5223448,0,t1_cvflajq,Ty for pointing that out! Ill update the link in op.,High5game,cvfm88r,1,t5_39ahp
