,controversiality,parent_id,body,subreddit,id,score,subreddit_id
6778234,0,t3_48ltjc,removed,RollinDeep,d0klhi4,1,t5_2tyy7
