,controversiality,parent_id,body,subreddit,id,score,subreddit_id
9892171,0,t3_5ccxbw,Yummy,bustywife,dawz1kr,1,t5_3fs3q
