,controversiality,parent_id,body,subreddit,id,score,subreddit_id
808698,0,t1_cgw6l7t,Live in Monmouth County work in Jersey City. You?,gaycarfans,cgw7c1u,1,t5_31dxk
811747,0,t3_23endt,Hahaha yes this is might thought every time I start a project!,gaycarfans,cgwjsy1,2,t5_31dxk
