,controversiality,parent_id,body,subreddit,id,score,subreddit_id
1503554,0,t3_2bf9q2,Being with you is super OK!,70s,cj4qsjo,1,t5_2s9rl
